Frame: 2
 1.005406e+00 4.523958e-04 -8.222856e+00
 2.253975e-03 1.009418e+00 -2.656927e+02
 0 0 1
Frame: 3
 1.001619e+00 -1.431196e-02 -7.305371e+00
 6.921643e-03 1.005670e+00 2.624376e+02
 0 0 1
Frame: 4
 1.001563e+00 -1.519050e-02 -2.497107e+00
 8.108180e-03 1.002260e+00 -2.665578e+02
 0 0 1
Frame: 5
 1.001759e+00 -9.704834e-03 -7.564237e+00
 4.136096e-03 1.003553e+00 2.638415e+02
 0 0 1
Frame: 6
 1.000555e+00 -8.400728e-03 -5.051960e+00
 2.917192e-03 1.002343e+00 -2.643013e+02
 0 0 1
Frame: 7
 1.001027e+00 -8.419499e-03 -7.356910e+00
 2.147184e-03 1.003089e+00 2.647348e+02
 0 0 1
Frame: 8
 1.000105e+00 -6.603470e-03 -4.698798e+00
 3.766840e-04 1.001168e+00 -2.627004e+02
 0 0 1
Frame: 9
 1.001581e+00 -1.592802e-03 -7.131124e+00
 -2.357406e-03 1.002098e+00 2.669631e+02
 0 0 1
Frame: 10
 1.001893e+00 1.399156e-03 -8.416207e+00
 -3.355050e-03 1.003895e+00 -2.615573e+02
 0 0 1
Frame: 11
 1.001669e+00 -3.070904e-03 -6.399749e+00
 -2.031354e-03 1.003272e+00 2.667973e+02
 0 0 1
Frame: 12
 1.001372e+00 -2.407558e-03 -6.474932e+00
 -2.125304e-03 1.003595e+00 -2.619077e+02
 0 0 1
Frame: 13
 1.002154e+00 -3.208207e-03 -7.957712e+00
 -7.114862e-04 1.003580e+00 2.662907e+02
 0 0 1
Frame: 14
 1.001360e+00 -4.821075e-03 -6.573571e+00
 -1.406811e-03 1.003454e+00 -2.619923e+02
 0 0 1
Frame: 15
 1.001879e+00 -1.888922e-03 -8.881390e+00
 -2.063949e-04 1.002909e+00 2.660065e+02
 0 0 1
Frame: 16
 1.001224e+00 -4.695226e-03 -5.814564e+00
 -1.383507e-04 1.002875e+00 -2.629269e+02
 0 0 1
Frame: 17
 1.001577e+00 -7.599843e-03 -7.195092e+00
 1.655348e-03 1.003296e+00 2.653532e+02
 0 0 1
Frame: 18
 1.002110e+00 -6.928400e-03 -5.392493e+00
 2.187794e-03 1.003834e+00 -2.641356e+02
 0 0 1
Frame: 19
 1.001896e+00 -4.897498e-03 -8.147509e+00
 8.856351e-04 1.003419e+00 2.654046e+02
 0 0 1
Frame: 20
 1.001868e+00 -5.446864e-03 -6.764698e+00
 4.281260e-04 1.003181e+00 -2.632778e+02
 0 0 1
Frame: 21
 1.002359e+00 7.763634e-04 -8.254267e+00
 -1.769198e-03 1.004418e+00 2.666286e+02
 0 0 1
Frame: 22
 1.001129e+00 -3.370492e-03 -6.650547e+00
 -1.800552e-03 1.003091e+00 -2.620198e+02
 0 0 1
Frame: 23
 1.002401e+00 -3.970893e-03 -7.964681e+00
 2.576056e-04 1.003611e+00 2.659456e+02
 0 0 1
Frame: 24
 1.001331e+00 -4.880838e-03 -6.101988e+00
 4.299620e-04 1.004556e+00 -2.636808e+02
 0 0 1
Frame: 25
 1.002232e+00 -6.439259e-03 -8.112581e+00
 1.638101e-03 1.003554e+00 2.651208e+02
 0 0 1
Frame: 26
 1.002438e+00 -4.998867e-03 -5.972984e+00
 8.714064e-04 1.003709e+00 -2.632703e+02
 0 0 1
Frame: 27
 1.001973e+00 1.464354e-03 -8.531733e+00
 -3.064872e-03 1.003770e+00 2.676790e+02
 0 0 1
Frame: 28
 1.001409e+00 4.616023e-03 -9.092422e+00
 -6.301422e-03 1.003166e+00 -2.595288e+02
 0 0 1
Frame: 29
 1.001883e+00 -2.454567e-03 -7.804964e+00
 -3.097324e-03 1.003488e+00 2.676908e+02
 0 0 1
Frame: 30
 1.001913e+00 -2.809779e-03 -7.355473e+00
 -6.375283e-04 1.003487e+00 -2.623670e+02
 0 0 1
Frame: 31
 1.001601e+00 -5.531945e-04 -7.560814e+00
 -2.346348e-03 1.003816e+00 2.672589e+02
 0 0 1
Frame: 32
 1.001737e+00 -1.987335e-03 -6.494337e+00
 -1.394445e-03 1.002754e+00 -2.618158e+02
 0 0 1
Frame: 33
 1.001838e+00 -4.549139e-03 -7.630122e+00
 -1.191873e-03 1.003914e+00 2.664694e+02
 0 0 1
Frame: 34
 1.002085e+00 -8.896835e-04 -6.579095e+00
 -1.403089e-03 1.003576e+00 -2.621493e+02
 0 0 1
Frame: 35
 1.002108e+00 -3.304455e-03 -7.767567e+00
 1.063776e-03 1.003550e+00 2.654417e+02
 0 0 1
Frame: 36
 1.002143e+00 -7.731222e-03 -5.151791e+00
 1.289025e-04 1.004468e+00 -2.634894e+02
 0 0 1
Frame: 37
 1.002171e+00 1.961952e-03 -8.331789e+00
 -2.207666e-03 1.003072e+00 2.675252e+02
 0 0 1
Frame: 38
 1.001866e+00 -8.725850e-04 -6.759106e+00
 -2.887357e-03 1.004241e+00 -2.617183e+02
 0 0 1
Frame: 39
 1.002029e+00 -3.963384e-03 -7.507323e+00
 -2.542197e-03 1.003735e+00 2.670724e+02
 0 0 1
Frame: 40
 1.002726e+00 5.380332e-03 -9.932648e+00
 -4.363348e-03 1.004786e+00 -2.614216e+02
 0 0 1
Frame: 41
 1.001111e+00 2.505897e-03 -6.430379e+00
 -6.117897e-03 1.001879e+00 2.691858e+02
 0 0 1
Frame: 42
 1.001339e+00 -1.999522e-03 -5.996609e+00
 -3.451679e-03 1.004318e+00 -2.614317e+02
 0 0 1
Frame: 43
 1.002324e+00 -1.990803e-03 -7.947113e+00
 1.511756e-04 1.004949e+00 2.662199e+02
 0 0 1
Frame: 44
 1.002298e+00 -7.913976e-03 -5.116980e+00
 2.091543e-03 1.004857e+00 -2.637072e+02
 0 0 1
Frame: 45
 1.002472e+00 -5.871170e-03 -7.449405e+00
 3.631215e-03 1.004294e+00 2.646576e+02
 0 0 1
Frame: 46
 1.001818e+00 -1.198354e-02 -4.258361e+00
 3.894780e-03 1.003457e+00 -2.647305e+02
 0 0 1
Frame: 47
 1.001911e+00 -6.195951e-03 -6.960535e+00
 4.403087e-03 1.003504e+00 2.636190e+02
 0 0 1
Frame: 48
 1.001607e+00 -1.100068e-02 -3.263774e+00
 1.976726e-03 1.004915e+00 -2.643390e+02
 0 0 1
Frame: 49
 1.002038e+00 -5.222042e-03 -7.186298e+00
 1.716756e-03 1.003122e+00 2.651561e+02
 0 0 1
Frame: 50
 1.001305e+00 -8.377979e-03 -4.827149e+00
 2.131533e-03 1.003724e+00 -2.641113e+02
 0 0 1
Frame: 51
 1.001589e+00 -7.841283e-03 -7.122626e+00
 1.229608e-03 1.003077e+00 2.654578e+02
 0 0 1
Frame: 52
 1.001601e+00 1.381380e-04 -8.543677e+00
 -1.536614e-03 1.003761e+00 -2.618682e+02
 0 0 1
Frame: 53
 1.001508e+00 -6.050175e-03 -6.670024e+00
 -1.725326e-03 1.003304e+00 2.666062e+02
 0 0 1
Frame: 54
 1.000499e+00 -3.571107e-03 -6.666601e+00
 -6.906573e-04 1.002823e+00 -2.622712e+02
 0 0 1
Frame: 55
 1.001573e+00 -4.801406e-03 -7.256460e+00
 -1.312951e-03 1.003544e+00 2.661436e+02
 0 0 1
Frame: 56
 1.001513e+00 -1.227667e-03 -8.090007e+00
 -1.973232e-03 1.002514e+00 -2.614407e+02
 0 0 1
Frame: 57
 1.001275e+00 -3.208364e-03 -6.920676e+00
 -1.603494e-03 1.004538e+00 2.666125e+02
 0 0 1
Frame: 58
 1.001147e+00 -4.237264e-03 -6.661220e+00
 -9.902141e-04 1.002960e+00 -2.622577e+02
 0 0 1
Frame: 59
 1.001390e+00 -4.461006e-03 -7.062326e+00
 0 1.003794e+00 2.661526e+02
 0 0 1
Frame: 60
 1.001850e+00 -4.851920e-03 -6.000140e+00
 1.169021e-03 1.004438e+00 -2.636982e+02
 0 0 1
Frame: 61
 1.001449e+00 -1.034037e-02 -6.011673e+00
 1.583801e-03 1.002422e+00 2.653390e+02
 0 0 1
Frame: 62
 1.000876e+00 -8.139911e-03 -5.248883e+00
 2.774315e-03 1.003649e+00 -2.645373e+02
 0 0 1
Frame: 63
 1.000562e+00 -1.196156e-02 -7.380069e+00
 2.519479e-03 9.998326e-01 2.647555e+02
 0 0 1
Frame: 64
 1.000758e+00 -7.783562e-03 -5.359058e+00
 1.748005e-03 1.003039e+00 -2.637415e+02
 0 0 1
Frame: 65
 1.001058e+00 -1.069719e-02 -8.230013e+00
 2.456930e-03 1.002232e+00 2.648821e+02
 0 0 1
Frame: 66
 1.000870e+00 -4.795459e-03 -6.733575e+00
 1.833830e-04 1.002839e+00 -2.629987e+02
 0 0 1
Frame: 67
 1.001225e+00 -7.660943e-03 -6.647741e+00
 6.177290e-04 1.002162e+00 2.656494e+02
 0 0 1
Frame: 68
 1.001277e+00 -8.503652e-03 -5.921227e+00
 1.846814e-03 1.004124e+00 -2.638075e+02
 0 0 1
Frame: 69
 1.001693e+00 -7.709399e-03 -7.055048e+00
 2.082912e-03 1.003417e+00 2.650433e+02
 0 0 1
Frame: 70
 1.001043e+00 -5.210335e-03 -5.694749e+00
 0 1.003089e+00 -2.627850e+02
 0 0 1
Frame: 71
 1.001425e+00 -4.316604e-03 -7.066685e+00
 -9.258332e-04 1.002167e+00 2.666406e+02
 0 0 1
Frame: 72
 1.000480e+00 -5.884424e-03 -4.911043e+00
 -1.924827e-03 1.002795e+00 -2.618242e+02
 0 0 1
Frame: 73
 1.001762e+00 -3.970924e-03 -8.276816e+00
 -1.762833e-03 1.004512e+00 2.665559e+02
 0 0 1
Frame: 74
 1.000778e+00 -6.043586e-03 -5.808475e+00
 -3.333401e-04 1.002724e+00 -2.620861e+02
 0 0 1
Frame: 75
 1.001517e+00 -2.703426e-03 -8.127130e+00
 2.048205e-04 1.003759e+00 2.660237e+02
 0 0 1
Frame: 76
 1.001563e+00 -6.544798e-03 -6.139938e+00
 7.498499e-04 1.002893e+00 -2.628111e+02
 0 0 1
Frame: 77
 1.001861e+00 -4.106986e-03 -8.002733e+00
 -2.375364e-03 1.003668e+00 2.674416e+02
 0 0 1
Frame: 78
 9.998161e-01 -1.630192e-03 -6.750721e+00
 -3.765178e-03 1.002747e+00 -2.606509e+02
 0 0 1
Frame: 79
 1.001226e+00 -2.937137e-03 -6.706406e+00
 -3.653249e-03 1.002430e+00 2.679923e+02
 0 0 1
Frame: 80
 1.000258e+00 -4.566371e-03 -5.804463e+00
 -1.946073e-03 1.003670e+00 -2.614735e+02
 0 0 1
Frame: 81
 1.001086e+00 -4.139997e-03 -8.270632e+00
 -7.122833e-04 1.002939e+00 2.665555e+02
 0 0 1
Frame: 82
 1.000931e+00 -7.536459e-03 -5.196289e+00
 1.939385e-04 1.003530e+00 -2.625168e+02
 0 0 1
Frame: 83
 1.002025e+00 -4.433044e-04 -8.458894e+00
 7.113669e-05 1.006778e+00 2.661257e+02
 0 0 1
Frame: 84
 1.000938e+00 -9.926824e-03 -3.594608e+00
 1.229540e-03 1.003581e+00 -2.632329e+02
 0 0 1
Frame: 85
 1.001112e+00 -6.666372e-03 -6.977780e+00
 1.106130e-03 1.001831e+00 2.655035e+02
 0 0 1
Frame: 86
 9.998073e-01 -7.883817e-03 -5.411481e+00
 7.980674e-04 1.002833e+00 -2.628774e+02
 0 0 1
Frame: 87
 1.000945e+00 -7.335741e-03 -7.206827e+00
 9.340853e-04 1.003942e+00 2.654833e+02
 0 0 1
Frame: 88
 1.000470e+00 -8.229046e-03 -4.789273e+00
 9.049067e-04 1.003106e+00 -2.635700e+02
 0 0 1
Frame: 89
 1.000794e+00 -5.559846e-03 -7.680913e+00
 -2.409299e-04 1.002007e+00 2.664758e+02
 0 0 1
Frame: 90
 1.000344e+00 -8.412344e-03 -4.579257e+00
 -6.672514e-05 1.003583e+00 -2.629976e+02
 0 0 1
Frame: 91
 1.000804e+00 -8.808598e-03 -6.502217e+00
 4.441444e-04 1.002860e+00 2.657539e+02
 0 0 1
Frame: 92
 9.999942e-01 -6.927982e-03 -5.356908e+00
 6.622468e-04 1.002183e+00 -2.626329e+02
 0 0 1
Frame: 93
 1.000492e+00 -1.188202e-02 -7.323277e+00
 3.973320e-03 1.003186e+00 2.639403e+02
 0 0 1
Frame: 94
 1.000618e+00 -1.538048e-02 -2.494452e+00
 5.042807e-03 1.003447e+00 -2.651331e+02
 0 0 1
Frame: 95
 1.001134e+00 -1.059321e-02 -8.033554e+00
 3.203184e-03 1.002672e+00 2.644947e+02
 0 0 1
Frame: 96
 1.000195e+00 -7.313802e-03 -5.586197e+00
 1.973788e-03 1.002549e+00 -2.635833e+02
 0 0 1
Frame: 97
 1.001041e+00 -7.002032e-03 -7.197543e+00
 -4.553324e-04 1.001787e+00 2.663237e+02
 0 0 1
Frame: 98
 1.000410e+00 -6.759438e-03 -5.986903e+00
 -5.088594e-04 1.004407e+00 -2.631670e+02
 0 0 1
Frame: 99
 1.001056e+00 -8.563908e-03 -6.790316e+00
 1.436253e-03 1.003471e+00 2.648570e+02
 0 0 1
Frame: 100
 1.000429e+00 -7.340084e-03 -5.241344e+00
 5.729907e-04 1.001759e+00 -2.625230e+02
 0 0 1
Frame: 101
 1.000927e+00 -2.889030e-03 -7.190429e+00
 -2.876134e-03 1.002723e+00 2.674785e+02
 0 0 1
Frame: 102
 1.000465e+00 -6.867454e-03 -4.793070e+00
 -2.331893e-03 1.002749e+00 -2.612751e+02
 0 0 1
Frame: 103
 1.001041e+00 -5.400140e-03 -7.779308e+00
 -1.615118e-03 1.003512e+00 2.668279e+02
 0 0 1
Frame: 104
 1.000034e+00 -6.221190e-03 -5.540903e+00
 -1.105720e-03 1.001895e+00 -2.616527e+02
 0 0 1
Frame: 105
 1.001127e+00 -3.242500e-03 -8.252249e+00
 -2.505610e-03 1.002730e+00 2.674254e+02
 0 0 1
Frame: 106
 9.994781e-01 -7.037505e-03 -5.345106e+00
 -2.175384e-03 1.001545e+00 -2.607506e+02
 0 0 1
Frame: 107
 1.000893e+00 -6.414833e-03 -7.424816e+00
 8.185893e-04 1.004099e+00 2.656891e+02
 0 0 1
Frame: 108
 1.000328e+00 -1.140331e-02 -3.960073e+00
 2.632616e-03 1.004577e+00 -2.645573e+02
 0 0 1
Frame: 109
 1.001395e+00 -9.133970e-03 -7.588474e+00
 2.010076e-03 1.001582e+00 2.656637e+02
 0 0 1
Frame: 110
 1.000262e+00 -4.437875e-03 -5.665783e+00
 -2.436117e-03 1.001525e+00 -2.609214e+02
 0 0 1
Frame: 111
 1.001186e+00 -5.219049e-03 -7.753154e+00
 -9.942059e-04 1.003436e+00 2.667680e+02
 0 0 1
Frame: 112
 1.000675e+00 -8.867117e-03 -4.455681e+00
 8.382650e-04 1.003087e+00 -2.629184e+02
 0 0 1
Frame: 113
 1.001025e+00 -1.294186e-02 -7.275075e+00
 3.565203e-03 1.003877e+00 2.642183e+02
 0 0 1
Frame: 114
 1.001051e+00 -1.124991e-02 -4.481714e+00
 3.424786e-03 1.003035e+00 -2.643372e+02
 0 0 1
Frame: 115
 1.001212e+00 -1.083239e-02 -7.835358e+00
 3.004115e-03 1.002870e+00 2.646595e+02
 0 0 1
Frame: 116
 1.001019e+00 -9.772280e-03 -4.366522e+00
 2.013240e-03 1.002778e+00 -2.633632e+02
 0 0 1
Frame: 117
 1.001513e+00 -1.141476e-02 -6.883362e+00
 2.563150e-03 1.003221e+00 2.648520e+02
 0 0 1
Frame: 118
 1.001072e+00 -1.191186e-02 -4.011229e+00
 3.674034e-03 1.002886e+00 -2.644948e+02
 0 0 1
Frame: 119
 1.002032e+00 -9.963866e-03 -7.260408e+00
 1.559757e-03 1.001780e+00 2.656577e+02
 0 0 1
Frame: 120
 1.004438e+00 -8.722496e-04 -8.601258e+00
 -5.267370e-04 1.007439e+00 -2.637142e+02
 0 0 1
Frame: 121
 1.001251e+00 -5.114873e-03 -6.068644e+00
 -2.381281e-03 1.000778e+00 2.675611e+02
 0 0 1
Frame: 122
 9.999909e-01 -1.126205e-03 -6.705711e+00
 -5.512186e-03 1.002604e+00 -2.600141e+02
 0 0 1
Frame: 123
 1.000494e+00 1.814292e-03 -6.922261e+00
 -6.899698e-03 1.000522e+00 2.695299e+02
 0 0 1
Frame: 124
 9.998003e-01 -2.260578e-03 -6.073810e+00
 -5.974197e-03 1.001662e+00 -2.594182e+02
 0 0 1
Frame: 125
 1.001202e+00 -6.244850e-04 -7.651429e+00
 -4.878497e-03 1.004501e+00 2.685887e+02
 0 0 1
Frame: 126
 1.000427e+00 -4.505745e-03 -5.273954e+00
 -2.684975e-03 1.002349e+00 -2.611074e+02
 0 0 1
Frame: 127
 1.001742e+00 -5.561784e-03 -7.109095e+00
 -6.452430e-04 1.002197e+00 2.668502e+02
 0 0 1
Frame: 128
 1.000368e+00 -1.050927e-02 -4.418610e+00
 9.915640e-04 1.002265e+00 -2.630280e+02
 0 0 1
Frame: 129
 1.001853e+00 -8.835291e-03 -7.259803e+00
 2.880438e-03 1.003796e+00 2.644306e+02
 0 0 1
Frame: 130
 1.000948e+00 -9.291635e-03 -4.343456e+00
 1.436012e-03 1.001886e+00 -2.630019e+02
 0 0 1
Frame: 131
 1.001339e+00 -8.752180e-03 -7.001138e+00
 4.972420e-05 1.002212e+00 2.661429e+02
 0 0 1
Frame: 132
 1.001351e+00 -7.414271e-03 -5.889857e+00
 6.200621e-04 1.003205e+00 -2.628403e+02
 0 0 1
Frame: 133
 1.001370e+00 -1.176821e-02 -6.136863e+00
 3.095028e-03 1.002609e+00 2.646592e+02
 0 0 1
Frame: 134
 1.001659e+00 -1.313397e-02 -2.577356e+00
 4.648341e-03 1.003351e+00 -2.652037e+02
 0 0 1
Frame: 135
 1.002151e+00 -1.430017e-02 -7.053977e+00
 5.488160e-03 1.000871e+00 2.637956e+02
 0 0 1
Frame: 136
 1.000496e+00 -9.026672e-03 -4.710963e+00
 2.240369e-03 1.002573e+00 -2.640008e+02
 0 0 1
Frame: 137
 1.001302e+00 -7.055897e-03 -6.614723e+00
 -2.293817e-03 1.002328e+00 2.670099e+02
 0 0 1
Frame: 138
 1.000668e+00 -1.386847e-03 -6.689974e+00
 -3.973470e-03 1.002867e+00 -2.606523e+02
 0 0 1
Frame: 139
 1.001699e+00 -2.101005e-03 -7.911518e+00
 -4.629271e-03 1.001926e+00 2.685682e+02
 0 0 1
Frame: 140
 1.000562e+00 -3.512127e-03 -5.733108e+00
 -2.807315e-03 1.002963e+00 -2.611130e+02
 0 0 1
Frame: 141
 1.001776e+00 -6.306744e-03 -6.646409e+00
 -2.395023e-03 1.002466e+00 2.677745e+02
 0 0 1
Frame: 142
 1.000417e+00 -7.235393e-04 -7.564607e+00
 -3.839563e-03 1.001622e+00 -2.603236e+02
 0 0 1
Frame: 143
 1.001438e+00 -2.713720e-03 -7.420301e+00
 -3.639065e-03 1.003330e+00 2.677906e+02
 0 0 1
Frame: 144
 1.001294e+00 -5.767862e-03 -5.498513e+00
 -2.049340e-04 1.002418e+00 -2.620190e+02
 0 0 1
Frame: 145
 1.001282e+00 -5.697378e-03 -6.695230e+00
 -2.423247e-04 1.002921e+00 2.659160e+02
 0 0 1
Frame: 146
 1.000812e+00 -9.396265e-03 -4.021785e+00
 1.597591e-03 1.002060e+00 -2.630384e+02
 0 0 1
Frame: 147
 1.001258e+00 -7.846357e-03 -6.779116e+00
 1.876832e-04 1.003141e+00 2.661439e+02
 0 0 1
Frame: 148
 1.001146e+00 -2.292664e-03 -7.094409e+00
 -1.172609e-03 1.002961e+00 -2.618222e+02
 0 0 1
Frame: 149
 1.001134e+00 -4.850222e-03 -6.755746e+00
 -2.118990e-03 1.003401e+00 2.672590e+02
 0 0 1
Frame: 150
 1.000647e+00 -7.148900e-03 -4.933865e+00
 3.033766e-04 1.002324e+00 -2.626636e+02
 0 0 1
Frame: 151
 1.001309e+00 -1.001416e-02 -7.343904e+00
 2.078959e-03 1.003028e+00 2.647174e+02
 0 0 1
Frame: 152
 1.000890e+00 -1.011104e-02 -4.594195e+00
 3.518497e-03 1.001654e+00 -2.641325e+02
 0 0 1
Frame: 153
 1.001584e+00 -8.751631e-03 -7.156799e+00
 2.747788e-03 1.004336e+00 2.643759e+02
 0 0 1
Frame: 154
 1.000958e+00 -7.744134e-03 -5.719201e+00
 1.528378e-03 1.002471e+00 -2.634059e+02
 0 0 1
Frame: 155
 1.001125e+00 -5.789390e-03 -7.229216e+00
 4.719923e-04 1.003032e+00 2.655531e+02
 0 0 1
Frame: 156
 1.000736e+00 -9.557080e-03 -4.536120e+00
 9.228960e-04 1.003043e+00 -2.633408e+02
 0 0 1
Frame: 157
 1.001068e+00 -3.582764e-03 -7.706614e+00
 6.742114e-04 1.002286e+00 2.655939e+02
 0 0 1
Frame: 158
 1.000505e+00 -7.292408e-03 -4.685562e+00
 3.588144e-04 1.002971e+00 -2.630200e+02
 0 0 1
Frame: 159
 1.001186e+00 -5.530724e-03 -7.266880e+00
 -1.163076e-03 1.002873e+00 2.661864e+02
 0 0 1
Frame: 160
 1.000686e+00 -5.259519e-03 -5.308620e+00
 -1.358861e-03 1.001880e+00 -2.616831e+02
 0 0 1
Frame: 161
 1.001776e+00 -4.813753e-03 -6.647102e+00
 -9.180320e-04 1.004010e+00 2.666055e+02
 0 0 1
Frame: 162
 1.001320e+00 -3.366299e-03 -6.987635e+00
 -4.865725e-04 1.002980e+00 -2.625242e+02
 0 0 1
Frame: 163
 1.001442e+00 -3.727621e-03 -7.147808e+00
 -1.319962e-03 1.002508e+00 2.666689e+02
 0 0 1
Frame: 164
 1.000514e+00 -6.602941e-03 -5.211468e+00
 -7.599550e-04 1.002697e+00 -2.624589e+02
 0 0 1
Frame: 165
 1.001876e+00 -2.516646e-03 -7.717223e+00
 -1.904472e-03 1.002246e+00 2.669708e+02
 0 0 1
Frame: 166
 1.001138e+00 -5.020385e-03 -5.318997e+00
 -1.257070e-03 1.003755e+00 -2.623188e+02
 0 0 1
Frame: 167
 1.001636e+00 -5.078204e-03 -7.476095e+00
 -7.562022e-04 1.002180e+00 2.665325e+02
 0 0 1
Frame: 168
 1.001380e+00 -6.296237e-03 -6.025030e+00
 3.019585e-04 1.003789e+00 -2.634759e+02
 0 0 1
Frame: 169
 1.001767e+00 -8.867225e-03 -6.881840e+00
 1.108188e-03 1.003383e+00 2.655068e+02
 0 0 1
Frame: 170
 1.000907e+00 -3.576382e-03 -6.917411e+00
 7.227170e-04 1.002367e+00 -2.629502e+02
 0 0 1
Frame: 171
 1.001709e+00 -9.791639e-03 -6.550565e+00
 4.808433e-04 1.002794e+00 2.657743e+02
 0 0 1
Frame: 172
 1.001044e+00 -3.304708e-03 -6.898688e+00
 -4.940972e-04 1.002681e+00 -2.621958e+02
 0 0 1
Frame: 173
 1.001155e+00 -4.481239e-03 -7.195459e+00
 -1.831072e-03 1.003189e+00 2.667291e+02
 0 0 1
Frame: 174
 1.000996e+00 -1.895815e-03 -5.989130e+00
 -1.224970e-03 1.002738e+00 -2.616772e+02
 0 0 1
Frame: 175
 1.001628e+00 -7.383637e-03 -7.365406e+00
 -8.128874e-04 1.002503e+00 2.666041e+02
 0 0 1
Frame: 176
 1.000949e+00 -3.469009e-03 -6.111612e+00
 -6.675184e-04 1.003758e+00 -2.625113e+02
 0 0 1
Frame: 177
 1.001761e+00 -5.899580e-03 -7.272862e+00
 -1.124288e-03 1.002291e+00 2.666543e+02
 0 0 1
Frame: 178
 1.001011e+00 -5.501594e-03 -5.722123e+00
 -2.421998e-04 1.003882e+00 -2.631583e+02
 0 0 1
Frame: 179
 1.001876e+00 -4.067245e-03 -6.771223e+00
 -2.863895e-04 1.002374e+00 2.664753e+02
 0 0 1
Frame: 180
 1.000913e+00 -4.193310e-03 -6.439136e+00
 -7.275678e-05 1.002944e+00 -2.624793e+02
 0 0 1
Frame: 181
 1.001451e+00 -9.613506e-03 -7.289126e+00
 -2.642165e-05 1.002787e+00 2.661476e+02
 0 0 1
Frame: 182
 1.000949e+00 -2.228190e-03 -7.210887e+00
 -4.071895e-04 1.003229e+00 -2.626984e+02
 0 0 1
Frame: 183
 1.001421e+00 -8.394976e-03 -7.078885e+00
 -5.570957e-05 1.001797e+00 2.660966e+02
 0 0 1
Frame: 184
 1.000198e+00 -6.743632e-03 -5.404610e+00
 1.857314e-03 1.002094e+00 -2.634000e+02
 0 0 1
Frame: 185
 1.001400e+00 -8.547632e-03 -7.003240e+00
 6.876698e-04 1.004081e+00 2.654939e+02
 0 0 1
Frame: 186
 1.000634e+00 -5.827974e-03 -5.264139e+00
 9.722186e-05 1.001992e+00 -2.623484e+02
 0 0 1
Frame: 187
 1.001276e+00 -6.177655e-03 -7.883353e+00
 8.710111e-04 1.002049e+00 2.657305e+02
 0 0 1
Frame: 188
 1.001601e+00 -5.576297e-03 -5.910622e+00
 8.967032e-04 1.005987e+00 -2.639875e+02
 0 0 1
Frame: 189
 1.001409e+00 -5.301804e-03 -7.495511e+00
 3.976098e-04 1.003034e+00 2.656835e+02
 0 0 1
Frame: 190
 9.997778e-01 -3.143461e-03 -6.117271e+00
 -1.910915e-03 1.000541e+00 -2.611195e+02
 0 0 1
Frame: 191
 1.001062e+00 -1.894780e-03 -6.615927e+00
 -3.312400e-03 1.004018e+00 2.673693e+02
 0 0 1
Frame: 192
 9.999990e-01 -5.802311e-03 -6.473882e+00
 -1.474555e-03 1.002963e+00 -2.616739e+02
 0 0 1
Frame: 193
 1.001264e+00 -7.418296e-03 -7.099925e+00
 7.216864e-04 1.002684e+00 2.657727e+02
 0 0 1
Frame: 194
 1.000338e+00 -5.938472e-03 -5.635826e+00
 9.819677e-04 1.002180e+00 -2.627979e+02
 0 0 1
Frame: 195
 1.001105e+00 -6.721836e-03 -7.791392e+00
 9.203399e-04 1.002842e+00 2.656353e+02
 0 0 1
Frame: 196
 1.000962e+00 -8.093094e-03 -4.689801e+00
 1.367739e-03 1.002860e+00 -2.629139e+02
 0 0 1
Frame: 197
 1.001332e+00 -8.404790e-03 -7.127849e+00
 1.440266e-03 1.002366e+00 2.653620e+02
 0 0 1
Frame: 198
 1.000702e+00 -8.200711e-03 -5.206208e+00
 7.404614e-04 1.002340e+00 -2.626132e+02
 0 0 1
Frame: 199
 1.001124e+00 -4.877801e-03 -7.714855e+00
 -1.299074e-04 1.002843e+00 2.660434e+02
 0 0 1
Frame: 200
 1.001148e+00 -5.826494e-03 -5.972607e+00
 -4.635804e-04 1.002566e+00 -2.623291e+02
 0 0 1
Frame: 201
 1.001282e+00 -6.322985e-03 -6.822658e+00
 0 1.001687e+00 2.663398e+02
 0 0 1
Frame: 202
 1.000563e+00 -8.065805e-03 -4.408824e+00
 1.597384e-04 1.003448e+00 -2.630943e+02
 0 0 1
Frame: 203
 1.001017e+00 -5.974789e-03 -7.361537e+00
 -4.272958e-04 1.002237e+00 2.662369e+02
 0 0 1
Frame: 204
 1.000794e+00 -7.661011e-03 -5.784026e+00
 1.285162e-03 1.002913e+00 -2.632046e+02
 0 0 1
Frame: 205
 1.001362e+00 -7.835709e-03 -7.556656e+00
 1.765221e-03 1.002738e+00 2.654330e+02
 0 0 1
Frame: 206
 1.001059e+00 -7.953793e-03 -5.262360e+00
 1.715112e-03 1.003517e+00 -2.635481e+02
 0 0 1
Frame: 207
 1.001337e+00 -6.504522e-03 -8.975156e+00
 1.690551e-03 1.002855e+00 2.650656e+02
 0 0 1
Frame: 208
 1.000407e+00 -1.102017e-02 -4.508499e+00
 1.994567e-03 1.002396e+00 -2.636037e+02
 0 0 1
Frame: 209
 1.001317e+00 -8.919042e-03 -8.755172e+00
 1.489923e-03 1.002514e+00 2.654670e+02
 0 0 1
Frame: 210
 1.000958e+00 -6.400533e-03 -6.397304e+00
 9.923966e-04 1.002273e+00 -2.629120e+02
 0 0 1
Frame: 211
 1.001160e+00 -5.437758e-03 -8.041997e+00
 1.004595e-03 1.002906e+00 2.658523e+02
 0 0 1
Frame: 212
 1.001036e+00 -7.370847e-03 -6.026913e+00
 2.864000e-04 1.002147e+00 -2.622761e+02
 0 0 1
Frame: 213
 1.000865e+00 -6.503358e-03 -7.967044e+00
 -1.095315e-04 1.003342e+00 2.657966e+02
 0 0 1
Frame: 214
 1.001044e+00 -5.845822e-03 -6.971243e+00
 1.672716e-04 1.001621e+00 -2.619761e+02
 0 0 1
Frame: 215
 1.001380e+00 -4.714398e-03 -7.692112e+00
 -2.578897e-04 1.002887e+00 2.664068e+02
 0 0 1
Frame: 216
 1.000428e+00 -8.253508e-03 -4.372850e+00
 3.061748e-04 1.001732e+00 -2.621614e+02
 0 0 1
Frame: 217
 1.001521e+00 -4.415919e-03 -6.872019e+00
 -5.460756e-04 1.003568e+00 2.667173e+02
 0 0 1
Frame: 218
 1.000919e+00 -5.931034e-03 -5.549365e+00
 -1.359496e-04 1.002579e+00 -2.623120e+02
 0 0 1
Frame: 219
 1.001305e+00 -6.088171e-03 -7.662542e+00
 -8.741932e-05 1.002167e+00 2.663363e+02
 0 0 1
Frame: 220
 1.000513e+00 -4.785321e-03 -6.074194e+00
 -3.171896e-04 1.003586e+00 -2.626351e+02
 0 0 1
Frame: 221
 1.001387e+00 -8.285887e-03 -6.446050e+00
 -2.911413e-05 1.002796e+00 2.659220e+02
 0 0 1
Frame: 222
 1.001025e+00 -5.974940e-03 -6.173529e+00
 1.709210e-04 1.002794e+00 -2.625353e+02
 0 0 1
Frame: 223
 1.000943e+00 -3.629284e-03 -7.639397e+00
 -2.190804e-04 1.002632e+00 2.663578e+02
 0 0 1
Frame: 224
 1.001075e+00 -7.955537e-03 -4.859160e+00
 5.609418e-04 1.001944e+00 -2.622012e+02
 0 0 1
Frame: 225
 1.000834e+00 -7.191524e-03 -6.677230e+00
 3.373308e-04 1.002847e+00 2.661165e+02
 0 0 1
Frame: 226
 1.000653e+00 -5.905464e-03 -4.881318e+00
 -4.773389e-04 1.002087e+00 -2.620391e+02
 0 0 1
Frame: 227
 1.000959e+00 -3.775158e-03 -7.674088e+00
 -1.118677e-03 1.002809e+00 2.668050e+02
 0 0 1
Frame: 228
 1.001375e+00 -3.958866e-03 -5.892502e+00
 -7.673259e-04 1.003719e+00 -2.619753e+02
 0 0 1
Frame: 229
 1.001527e+00 -6.880754e-03 -6.800340e+00
 2.743762e-04 1.002386e+00 2.661452e+02
 0 0 1
Frame: 230
 1.000806e+00 -6.047343e-03 -5.807048e+00
 1.882661e-04 1.004117e+00 -2.630269e+02
 0 0 1
Frame: 231
 1.001744e+00 -6.464410e-03 -7.614397e+00
 1.767003e-04 1.003843e+00 2.662057e+02
 0 0 1
Frame: 232
 1.001213e+00 -5.724857e-03 -5.615040e+00
 1.233003e-04 1.002951e+00 -2.626141e+02
 0 0 1
Frame: 233
 1.000908e+00 -2.916687e-03 -8.098166e+00
 -1.701814e-03 1.001937e+00 2.667404e+02
 0 0 1
Frame: 234
 1.001177e+00 -4.865148e-03 -6.106026e+00
 -1.285695e-03 1.003461e+00 -2.619777e+02
 0 0 1
Frame: 235
 1.000999e+00 -6.641201e-03 -7.680031e+00
 -4.121165e-04 1.003529e+00 2.663270e+02
 0 0 1
Frame: 236
 1.000920e+00 -4.249877e-03 -6.555607e+00
 -1.354421e-04 1.003125e+00 -2.625296e+02
 0 0 1
Frame: 237
 1.001228e+00 -9.444939e-03 -7.725652e+00
 1.805113e-03 1.003682e+00 2.653408e+02
 0 0 1
Frame: 238
 1.000651e+00 -1.197652e-02 -4.685610e+00
 3.479585e-03 1.002452e+00 -2.640266e+02
 0 0 1
Frame: 239
 1.001232e+00 -7.856502e-03 -7.777044e+00
 2.273029e-03 1.003148e+00 2.652106e+02
 0 0 1
Frame: 240
 1.000800e+00 -5.593521e-03 -5.967663e+00
 1.342841e-03 1.002994e+00 -2.631509e+02
 0 0 1
Frame: 241
 1.000994e+00 -1.038488e-02 -6.838033e+00
 1.398721e-03 1.002143e+00 2.658068e+02
 0 0 1
Frame: 242
 1.001006e+00 -5.495149e-03 -6.096009e+00
 1.558329e-03 1.003533e+00 -2.637720e+02
 0 0 1
Frame: 243
 9.985835e-01 -1.065563e-02 -6.957838e+00
 3.653858e-05 1.000906e+00 2.661030e+02
 0 0 1
Frame: 244
 1.001487e+00 -6.491891e-03 -5.550789e+00
 2.349825e-03 1.004351e+00 -2.641091e+02
 0 0 1
Frame: 245
 1.001301e+00 -1.050014e-02 -6.739828e+00
 1.971388e-03 1.002697e+00 2.653927e+02
 0 0 1
Frame: 246
 1.001050e+00 -5.907825e-03 -5.555474e+00
 1.533222e-03 1.003399e+00 -2.634561e+02
 0 0 1
Frame: 247
 1.001179e+00 -8.451336e-03 -7.233965e+00
 1.128312e-04 1.002510e+00 2.661684e+02
 0 0 1
Frame: 248
 1.000971e+00 -3.246506e-03 -6.983971e+00
 -2.596426e-04 1.003003e+00 -2.624169e+02
 0 0 1
Frame: 249
 1.001130e+00 -8.538333e-03 -5.982764e+00
 -8.408344e-05 1.003702e+00 2.663471e+02
 0 0 1
Frame: 250
 1.000875e+00 -4.204196e-03 -7.438978e+00
 -6.936182e-04 1.002168e+00 -2.618570e+02
 0 0 1
Frame: 251
 1.000903e+00 -2.753001e-03 -8.059923e+00
 -2.278351e-03 1.003067e+00 2.673221e+02
 0 0 1
Frame: 252
 1.001101e+00 -1.008205e-03 -7.727071e+00
 -2.903411e-03 1.003430e+00 -2.611944e+02
 0 0 1
Frame: 253
 1.001285e+00 -2.444683e-03 -6.820436e+00
 -2.418820e-03 1.003803e+00 2.674905e+02
 0 0 1
Frame: 254
 1.000910e+00 -1.718026e-03 -6.667064e+00
 -2.522182e-03 1.003627e+00 -2.615145e+02
 0 0 1
Frame: 255
 1.001724e+00 -4.771192e-03 -7.154500e+00
 -1.933676e-03 1.002993e+00 2.674578e+02
 0 0 1
Frame: 256
 1.001394e+00 -3.024212e-03 -6.004222e+00
 -1.000386e-03 1.004596e+00 -2.624404e+02
 0 0 1
Frame: 257
 1.000997e+00 -6.262621e-03 -6.918240e+00
 -6.553608e-04 1.002578e+00 2.668146e+02
 0 0 1
Frame: 258
 1.001283e+00 -9.095106e-04 -7.154558e+00
 -2.265030e-03 1.004193e+00 -2.616496e+02
 0 0 1
Frame: 259
 1.001386e+00 -6.715524e-03 -7.013995e+00
 -1.133582e-03 1.002164e+00 2.671868e+02
 0 0 1
Frame: 260
 1.001524e+00 -4.403705e-03 -6.555884e+00
 -4.408920e-04 1.003618e+00 -2.622853e+02
 0 0 1
Frame: 261
 1.000841e+00 -6.297498e-03 -7.492413e+00
 -2.549137e-04 1.002593e+00 2.662534e+02
 0 0 1
Frame: 262
 1.001241e+00 -5.135609e-03 -5.702206e+00
 -4.857466e-04 1.003260e+00 -2.620755e+02
 0 0 1
Frame: 263
 1.001435e+00 -6.884581e-03 -7.016442e+00
 -2.119462e-05 1.003524e+00 2.659978e+02
 0 0 1
Frame: 264
 1.000765e+00 -7.653740e-03 -5.373902e+00
 1.030417e-03 1.002956e+00 -2.630392e+02
 0 0 1
Frame: 265
 1.001386e+00 -6.396594e-03 -7.663423e+00
 1.441172e-03 1.003964e+00 2.653601e+02
 0 0 1
Frame: 266
 1.000763e+00 -7.439473e-03 -5.884234e+00
 1.006532e-03 1.002764e+00 -2.630096e+02
 0 0 1
Frame: 267
 1.001267e+00 -9.611382e-03 -6.808556e+00
 1.033868e-03 1.002722e+00 2.656347e+02
 0 0 1
Frame: 268
 1.001581e+00 -6.616559e-03 -6.152402e+00
 9.587562e-04 1.003822e+00 -2.634644e+02
 0 0 1
Frame: 269
 1.001582e+00 -8.640309e-03 -7.348810e+00
 1.222583e-03 1.002916e+00 2.653483e+02
 0 0 1
Frame: 270
 1.000724e+00 -7.407257e-03 -5.634184e+00
 1.272017e-03 1.001564e+00 -2.628454e+02
 0 0 1
Frame: 271
 1.001578e+00 -3.659031e-03 -7.925459e+00
 -7.106127e-04 1.003315e+00 2.665117e+02
 0 0 1
Frame: 272
 1.001849e+00 -1.936019e-03 -7.426138e+00
 -2.549757e-03 1.003850e+00 -2.616571e+02
 0 0 1
Frame: 273
 1.001082e+00 -3.087132e-03 -7.919387e+00
 -3.492242e-03 1.003069e+00 2.676201e+02
 0 0 1
Frame: 274
 1.001546e+00 -5.504615e-05 -8.038344e+00
 -4.118895e-03 1.002753e+00 -2.605266e+02
 0 0 1
Frame: 275
 1.001081e+00 8.318627e-04 -7.338658e+00
 -4.731762e-03 1.002377e+00 2.684681e+02
 0 0 1
Frame: 276
 1.001200e+00 -3.742394e-03 -5.651714e+00
 -2.548892e-03 1.003883e+00 -2.617305e+02
 0 0 1
Frame: 277
 1.001436e+00 -1.629603e-03 -7.665358e+00
 -1.435465e-03 1.002768e+00 2.668751e+02
 0 0 1
Frame: 278
 1.001278e+00 -7.650009e-03 -4.414905e+00
 -8.495710e-04 1.004573e+00 -2.628628e+02
 0 0 1
Frame: 279
 1.001354e+00 -6.614405e-03 -7.231471e+00
 8.218272e-04 1.001679e+00 2.657952e+02
 0 0 1
Frame: 280
 1.001150e+00 -8.699807e-03 -5.150750e+00
 1.164027e-03 1.003925e+00 -2.633963e+02
 0 0 1
Frame: 281
 1.001901e+00 -6.153987e-03 -7.486586e+00
 1.608659e-03 1.003346e+00 2.653394e+02
 0 0 1
Frame: 282
 1.001251e+00 -7.823749e-03 -5.205642e+00
 1.418522e-03 1.003224e+00 -2.635176e+02
 0 0 1
Frame: 283
 1.001684e+00 -4.726896e-03 -8.081425e+00
 4.210992e-04 1.004090e+00 2.655702e+02
 0 0 1
Frame: 284
 1.002544e+00 -5.301094e-03 -5.771575e+00
 -1.064583e-03 1.005070e+00 -2.630475e+02
 0 0 1
Frame: 285
 1.001299e+00 -4.189406e-03 -7.012607e+00
 -7.816597e-04 1.003384e+00 2.663242e+02
 0 0 1
Frame: 286
 1.001378e+00 -3.805269e-03 -6.318848e+00
 -7.063808e-04 1.002026e+00 -2.620426e+02
 0 0 1
Frame: 287
 1.001495e+00 -7.142888e-03 -7.471204e+00
 5.884154e-05 1.004753e+00 2.656416e+02
 0 0 1
Frame: 288
 1.000911e+00 -6.183909e-03 -5.624854e+00
 2.600836e-04 1.002385e+00 -2.628415e+02
 0 0 1
Frame: 289
 1.001966e+00 -4.527905e-03 -7.427008e+00
 1.557168e-04 1.003632e+00 2.660056e+02
 0 0 1
Frame: 290
 1.001786e+00 -6.622089e-03 -5.678226e+00
 5.613571e-04 1.004582e+00 -2.636431e+02
 0 0 1
Frame: 291
 1.001847e+00 -4.679840e-03 -7.353096e+00
 4.989786e-05 1.003113e+00 2.662515e+02
 0 0 1
Frame: 292
 1.002129e+00 -5.784625e-03 -5.795048e+00
 -2.876164e-04 1.003995e+00 -2.626742e+02
 0 0 1
Frame: 293
 1.001446e+00 -3.612141e-03 -7.262352e+00
 -6.747641e-04 1.003022e+00 2.661842e+02
 0 0 1
Frame: 294
 1.001292e+00 -4.562068e-03 -5.795054e+00
 -2.259457e-03 1.002728e+00 -2.614228e+02
 0 0 1
Frame: 295
 1.001450e+00 6.029358e-03 -8.117283e+00
 -4.947659e-03 1.004529e+00 2.685311e+02
 0 0 1
Frame: 296
 1.001260e+00 -2.711798e-03 -6.019661e+00
 -3.198598e-03 1.003162e+00 -2.611183e+02
 0 0 1
Frame: 297
 1.001335e+00 -3.027386e-03 -7.683498e+00
 -2.551588e-03 1.003464e+00 2.674364e+02
 0 0 1
Frame: 298
 1.001484e+00 -4.097825e-03 -6.879446e+00
 -5.173063e-05 1.004302e+00 -2.631287e+02
 0 0 1
Frame: 299
 1.001717e+00 -7.623394e-03 -6.656021e+00
 1.029610e-03 1.004251e+00 2.654305e+02
 0 0 1
Frame: 300
 0 0 0
 0 0 0
 0 0 0
