Frame: 2
 1.000138e+00 -8.596035e-03 -4.586575e+00
 1.539664e-03 1.003091e+00 2.587712e-01
 0 0 1
Frame: 3
 1.000785e+00 -1.446338e-02 -3.384182e+00
 6.481711e-03 1.003658e+00 -2.247371e+00
 0 0 1
Frame: 4
 1.001584e+00 -1.649917e-02 -1.970971e+00
 8.157748e-03 1.003194e+00 -2.972645e+00
 0 0 1
Frame: 5
 1.001567e+00 -1.150536e-02 -4.388929e+00
 4.516184e-03 1.002600e+00 -1.089941e+00
 0 0 1
Frame: 6
 1.000251e+00 -1.044930e-02 -4.266232e+00
 2.783221e-03 1.001856e+00 -4.187513e-01
 0 0 1
Frame: 7
 1.000369e+00 -9.164726e-03 -4.821828e+00
 2.179060e-03 1.001884e+00 1.271260e-01
 0 0 1
Frame: 8
 1.000895e+00 -7.286134e-03 -4.477738e+00
 4.357404e-04 1.002719e+00 5.663003e-01
 0 0 1
Frame: 9
 1.000967e+00 -3.613380e-03 -5.836336e+00
 -2.226418e-03 1.001934e+00 2.140087e+00
 0 0 1
Frame: 10
 1.001526e+00 -3.990308e-04 -7.783099e+00
 -3.156069e-03 1.003082e+00 2.457085e+00
 0 0 1
Frame: 11
 1.000526e+00 -3.588111e-03 -5.276097e+00
 -2.278949e-03 1.001785e+00 2.271979e+00
 0 0 1
Frame: 12
 1.001132e+00 -3.331487e-03 -6.128603e+00
 -2.195081e-03 1.003138e+00 2.157315e+00
 0 0 1
Frame: 13
 1.001297e+00 -5.252389e-03 -6.179850e+00
 -6.873704e-04 1.002755e+00 1.367910e+00
 0 0 1
Frame: 14
 1.001012e+00 -3.464732e-03 -7.047309e+00
 -1.776462e-03 1.003349e+00 2.071586e+00
 0 0 1
Frame: 15
 1.001376e+00 -6.229830e-03 -6.648471e+00
 -1.540738e-04 1.001816e+00 1.430777e+00
 0 0 1
Frame: 16
 1.000726e+00 -3.831895e-03 -6.126948e+00
 -4.619793e-04 1.002192e+00 1.272219e+00
 0 0 1
Frame: 17
 1.001503e+00 -8.467766e-03 -4.896159e+00
 1.869192e-03 1.003811e+00 6.445575e-02
 0 0 1
Frame: 18
 1.001436e+00 -8.409717e-03 -4.705874e+00
 2.098044e-03 1.003317e+00 -3.337583e-02
 0 0 1
Frame: 19
 1.001466e+00 -7.396203e-03 -5.905808e+00
 1.055970e-03 1.002583e+00 4.904264e-01
 0 0 1
Frame: 20
 1.001312e+00 -7.752971e-03 -5.766664e+00
 4.263183e-04 1.002620e+00 7.023965e-01
 0 0 1
Frame: 21
 1.001752e+00 -3.204256e-03 -6.896947e+00
 -1.548849e-03 1.002657e+00 1.819804e+00
 0 0 1
Frame: 22
 1.000768e+00 -2.754216e-03 -6.823265e+00
 -2.061694e-03 1.002559e+00 2.056071e+00
 0 0 1
Frame: 23
 1.001768e+00 -6.944565e-03 -5.651638e+00
 4.134006e-04 1.003073e+00 8.736332e-01
 0 0 1
Frame: 24
 1.000581e+00 -5.265373e-03 -5.855437e+00
 -1.058836e-04 1.003264e+00 8.392902e-01
 0 0 1
Frame: 25
 1.001725e+00 -8.169379e-03 -5.603840e+00
 1.696993e-03 1.002895e+00 2.791582e-01
 0 0 1
Frame: 26
 1.001949e+00 -5.278628e-03 -5.880262e+00
 1.027183e-03 1.003428e+00 6.884514e-01
 0 0 1
Frame: 27
 1.002122e+00 -4.664229e-03 -6.633644e+00
 -2.397945e-03 1.003125e+00 2.466013e+00
 0 0 1
Frame: 28
 1.000492e+00 4.486837e-03 -8.937368e+00
 -6.736248e-03 1.002106e+00 4.705806e+00
 0 0 1
Frame: 29
 1.001286e+00 -2.523418e-03 -7.062602e+00
 -3.255815e-03 1.003048e+00 2.859737e+00
 0 0 1
Frame: 30
 1.001397e+00 -3.832881e-03 -6.870292e+00
 -6.276555e-04 1.003253e+00 1.547777e+00
 0 0 1
Frame: 31
 1.000972e+00 -3.857372e-03 -5.991804e+00
 -2.176871e-03 1.002373e+00 2.518550e+00
 0 0 1
Frame: 32
 1.001167e+00 -2.692923e-03 -6.098414e+00
 -1.542727e-03 1.003209e+00 1.924407e+00
 0 0 1
Frame: 33
 1.001081e+00 -5.664678e-03 -5.990912e+00
 -1.379240e-03 1.002829e+00 1.645172e+00
 0 0 1
Frame: 34
 1.001038e+00 -2.844573e-03 -5.652003e+00
 -1.502433e-03 1.002817e+00 1.913365e+00
 0 0 1
Frame: 35
 1.001263e+00 -5.978868e-03 -5.711216e+00
 7.856916e-04 1.002859e+00 7.246229e-01
 0 0 1
Frame: 36
 1.001707e+00 -7.473362e-03 -5.289770e+00
 3.572085e-04 1.003122e+00 7.330445e-01
 0 0 1
Frame: 37
 1.001637e+00 -2.886102e-03 -6.870422e+00
 -1.901426e-03 1.002597e+00 2.455570e+00
 0 0 1
Frame: 38
 1.001125e+00 -1.989150e-03 -6.257447e+00
 -2.884702e-03 1.002579e+00 2.675701e+00
 0 0 1
Frame: 39
 1.001155e+00 -3.660458e-03 -6.493240e+00
 -2.622008e-03 1.002841e+00 2.226817e+00
 0 0 1
Frame: 40
 1.001102e+00 9.670987e-04 -8.056852e+00
 -4.351811e-03 1.002291e+00 3.146724e+00
 0 0 1
Frame: 41
 1.000979e+00 2.744896e-03 -7.106570e+00
 -6.189160e-03 1.003395e+00 4.097587e+00
 0 0 1
Frame: 42
 1.000445e+00 -2.356904e-03 -5.687947e+00
 -3.894893e-03 1.003090e+00 2.982602e+00
 0 0 1
Frame: 43
 1.001508e+00 -4.999695e-03 -6.080906e+00
 -9.802923e-05 1.003449e+00 1.434885e+00
 0 0 1
Frame: 44
 1.001677e+00 -7.112362e-03 -5.334439e+00
 2.106339e-03 1.005445e+00 1.871658e-02
 0 0 1
Frame: 45
 1.001748e+00 -9.528045e-03 -4.369238e+00
 3.345266e-03 1.002542e+00 1.771327e-01
 0 0 1
Frame: 46
 1.001365e+00 -1.461286e-02 -3.055337e+00
 3.875431e-03 1.002475e+00 -4.669990e-01
 0 0 1
Frame: 47
 1.001343e+00 -8.427887e-03 -4.513301e+00
 4.535589e-03 1.002262e+00 -1.159768e+00
 0 0 1
Frame: 48
 1.000894e+00 -9.242018e-03 -3.916081e+00
 1.989837e-03 1.004420e+00 -4.200489e-01
 0 0 1
Frame: 49
 1.001174e+00 -7.433660e-03 -4.790095e+00
 1.586843e-03 1.002716e+00 2.999432e-01
 0 0 1
Frame: 50
 1.000530e+00 -9.512414e-03 -4.323428e+00
 1.858066e-03 1.002266e+00 2.425723e-01
 0 0 1
Frame: 51
 1.001172e+00 -8.867694e-03 -4.640556e+00
 1.447250e-03 1.003051e+00 3.011009e-01
 0 0 1
Frame: 52
 1.001310e+00 -4.973602e-03 -6.542684e+00
 -1.344558e-03 1.002832e+00 2.154530e+00
 0 0 1
Frame: 53
 1.000424e+00 -3.090439e-03 -6.120259e+00
 -1.978552e-03 1.002551e+00 1.848913e+00
 0 0 1
Frame: 54
 1.000933e+00 -4.650207e-03 -6.272604e+00
 -7.341934e-04 1.002640e+00 1.644885e+00
 0 0 1
Frame: 55
 1.001078e+00 -4.870464e-03 -5.964668e+00
 -1.179131e-03 1.002626e+00 1.303651e+00
 0 0 1
Frame: 56
 1.001310e+00 -4.715426e-03 -6.658979e+00
 -1.920382e-03 1.002523e+00 2.306493e+00
 0 0 1
Frame: 57
 1.000470e+00 -3.463378e-03 -5.944419e+00
 -1.860090e-03 1.002899e+00 1.888250e+00
 0 0 1
Frame: 58
 1.001018e+00 -3.905326e-03 -6.762391e+00
 -1.113650e-03 1.003106e+00 1.615949e+00
 0 0 1
Frame: 59
 1.000793e+00 -5.860137e-03 -5.195486e+00
 -5.067982e-05 1.003389e+00 1.151490e+00
 0 0 1
Frame: 60
 1.001082e+00 -8.087197e-03 -4.669622e+00
 1.072625e-03 1.003367e+00 5.107417e-01
 0 0 1
Frame: 61
 1.000225e+00 -7.217618e-03 -4.350001e+00
 1.208590e-03 1.001864e+00 7.829272e-01
 0 0 1
Frame: 62
 1.000711e+00 -1.034316e-02 -4.377188e+00
 2.661699e-03 1.002860e+00 -4.335873e-01
 0 0 1
Frame: 63
 1.001151e+00 -1.000873e-02 -4.979402e+00
 2.796290e-03 1.003027e+00 -4.370159e-01
 0 0 1
Frame: 64
 1.000782e+00 -8.273105e-03 -5.115752e+00
 1.594374e-03 1.002862e+00 2.213441e-01
 0 0 1
Frame: 65
 1.000889e+00 -1.016757e-02 -5.629329e+00
 2.447543e-03 1.003120e+00 -1.779358e-01
 0 0 1
Frame: 66
 1.001120e+00 -6.168865e-03 -6.230839e+00
 2.879506e-04 1.002500e+00 8.998307e-01
 0 0 1
Frame: 67
 1.000910e+00 -6.325034e-03 -5.153046e+00
 5.829300e-04 1.002842e+00 7.075589e-01
 0 0 1
Frame: 68
 1.001035e+00 -1.042587e-02 -5.059894e+00
 1.726014e-03 1.003703e+00 2.599399e-01
 0 0 1
Frame: 69
 1.001536e+00 -7.306724e-03 -5.244883e+00
 2.281642e-03 1.002672e+00 1.540784e-01
 0 0 1
Frame: 70
 1.001031e+00 -6.149767e-03 -5.223410e+00
 0 1.002153e+00 1.342949e+00
 0 0 1
Frame: 71
 1.000929e+00 -6.228076e-03 -5.185396e+00
 -7.342489e-04 1.002421e+00 1.631444e+00
 0 0 1
Frame: 72
 1.000805e+00 -4.502290e-03 -5.540254e+00
 -1.797939e-03 1.002161e+00 2.054716e+00
 0 0 1
Frame: 73
 1.000809e+00 -5.060697e-03 -6.701275e+00
 -1.862802e-03 1.002864e+00 1.717457e+00
 0 0 1
Frame: 74
 1.000915e+00 -5.641151e-03 -5.997776e+00
 -4.980275e-04 1.002909e+00 1.731269e+00
 0 0 1
Frame: 75
 1.001021e+00 -5.104290e-03 -6.398279e+00
 2.074820e-04 1.003424e+00 9.895640e-01
 0 0 1
Frame: 76
 1.001868e+00 -7.635329e-03 -5.707266e+00
 1.085456e-03 1.002940e+00 9.286067e-01
 0 0 1
Frame: 77
 1.001238e+00 -4.081904e-03 -6.931119e+00
 -2.114864e-03 1.002402e+00 2.548019e+00
 0 0 1
Frame: 78
 1.000656e+00 -1.928460e-03 -6.737752e+00
 -3.819471e-03 1.003045e+00 3.057544e+00
 0 0 1
Frame: 79
 1.000493e+00 -1.629295e-03 -6.400754e+00
 -3.736197e-03 1.001564e+00 3.509101e+00
 0 0 1
Frame: 80
 1.000401e+00 -3.045093e-03 -6.429115e+00
 -2.157043e-03 1.003801e+00 2.282009e+00
 0 0 1
Frame: 81
 1.000699e+00 -6.849164e-03 -6.090195e+00
 -7.818688e-04 1.002159e+00 1.938953e+00
 0 0 1
Frame: 82
 1.001067e+00 -4.986916e-03 -6.182081e+00
 3.144516e-04 1.003372e+00 1.322591e+00
 0 0 1
Frame: 83
 1.001065e+00 -7.307976e-03 -5.689665e+00
 2.272596e-04 1.002542e+00 1.418592e+00
 0 0 1
Frame: 84
 1.001286e+00 -5.782119e-03 -5.372843e+00
 1.189533e-03 1.003735e+00 6.100855e-01
 0 0 1
Frame: 85
 1.000897e+00 -9.073846e-03 -4.235449e+00
 1.315617e-03 1.002488e+00 5.041109e-01
 0 0 1
Frame: 86
 1.000651e+00 -6.944176e-03 -5.831541e+00
 7.356331e-04 1.002973e+00 9.492778e-01
 0 0 1
Frame: 87
 1.000400e+00 -9.404881e-03 -4.425129e+00
 1.033468e-03 1.002348e+00 7.886798e-01
 0 0 1
Frame: 88
 1.000706e+00 -7.412615e-03 -5.256525e+00
 8.884265e-04 1.002963e+00 2.321846e-01
 0 0 1
Frame: 89
 1.000924e+00 -6.199362e-03 -5.920008e+00
 4.629563e-05 1.003018e+00 1.370135e+00
 0 0 1
Frame: 90
 1.000302e+00 -6.606001e-03 -5.383827e+00
 -2.454867e-04 1.002095e+00 1.328068e+00
 0 0 1
Frame: 91
 1.000042e+00 -8.262751e-03 -4.276526e+00
 2.766088e-04 1.002152e+00 1.154388e+00
 0 0 1
Frame: 92
 1.000595e+00 -6.673786e-03 -5.504003e+00
 6.191255e-04 1.002589e+00 1.047128e+00
 0 0 1
Frame: 93
 1.000299e+00 -1.065319e-02 -4.703969e+00
 3.858006e-03 1.003137e+00 -9.088489e-01
 0 0 1
Frame: 94
 1.000999e+00 -1.428137e-02 -2.986357e+00
 5.096532e-03 1.003212e+00 -1.231612e+00
 0 0 1
Frame: 95
 1.001069e+00 -1.122648e-02 -5.072804e+00
 3.424421e-03 1.002204e+00 -2.875618e-01
 0 0 1
Frame: 96
 1.001055e+00 -8.892971e-03 -5.092856e+00
 2.311081e-03 1.002626e+00 1.296165e-02
 0 0 1
Frame: 97
 1.000977e+00 -6.086483e-03 -5.815251e+00
 -2.122116e-04 1.002453e+00 1.363078e+00
 0 0 1
Frame: 98
 1.000366e+00 -6.274655e-03 -6.324358e+00
 -6.125272e-04 1.002566e+00 1.180632e+00
 0 0 1
Frame: 99
 1.000537e+00 -7.709235e-03 -4.851358e+00
 1.321196e-03 1.002913e+00 3.047185e-02
 0 0 1
Frame: 100
 1.001575e+00 -8.309551e-03 -4.984626e+00
 9.798486e-04 1.002365e+00 9.323583e-01
 0 0 1
Frame: 101
 1.000752e+00 -3.149719e-03 -6.472052e+00
 -2.387513e-03 1.002095e+00 2.514384e+00
 0 0 1
Frame: 102
 1.000077e+00 -4.086132e-03 -5.810581e+00
 -2.695729e-03 1.002165e+00 2.745735e+00
 0 0 1
Frame: 103
 1.000795e+00 -6.145485e-03 -6.135244e+00
 -1.513502e-03 1.002646e+00 2.011030e+00
 0 0 1
Frame: 104
 1.000692e+00 -4.450461e-03 -6.283633e+00
 -1.002966e-03 1.002021e+00 2.022089e+00
 0 0 1
Frame: 105
 1.000604e+00 -4.284086e-03 -6.958234e+00
 -2.467364e-03 1.002191e+00 2.668346e+00
 0 0 1
Frame: 106
 1.000230e+00 -2.778174e-03 -7.022935e+00
 -2.491996e-03 1.003192e+00 2.609047e+00
 0 0 1
Frame: 107
 1.000038e+00 -7.241784e-03 -5.415795e+00
 6.782297e-04 1.002201e+00 1.081180e+00
 0 0 1
Frame: 108
 1.000545e+00 -1.021169e-02 -4.494617e+00
 2.466703e-03 1.002758e+00 -8.674710e-03
 0 0 1
Frame: 109
 1.001427e+00 -9.098671e-03 -5.284383e+00
 2.497696e-03 1.002746e+00 3.983056e-01
 0 0 1
Frame: 110
 1.000851e+00 -3.796934e-03 -5.978418e+00
 -2.246253e-03 1.001149e+00 2.903074e+00
 0 0 1
Frame: 111
 1.000682e+00 -4.745514e-03 -6.521414e+00
 -1.090222e-03 1.003695e+00 1.634036e+00
 0 0 1
Frame: 112
 1.000832e+00 -6.501515e-03 -5.375708e+00
 7.240883e-04 1.002614e+00 1.132559e+00
 0 0 1
Frame: 113
 1.000834e+00 -1.214748e-02 -4.209869e+00
 3.480336e-03 1.003323e+00 -6.565629e-01
 0 0 1
Frame: 114
 1.001445e+00 -1.062379e-02 -4.741048e+00
 3.519553e-03 1.003404e+00 -5.609651e-01
 0 0 1
Frame: 115
 1.001174e+00 -1.010019e-02 -5.341368e+00
 3.232373e-03 1.002932e+00 -3.561893e-01
 0 0 1
Frame: 116
 1.001405e+00 -9.001982e-03 -4.659218e+00
 2.146430e-03 1.002465e+00 5.829475e-01
 0 0 1
Frame: 117
 1.001040e+00 -1.003353e-02 -4.352667e+00
 2.532931e-03 1.003210e+00 -1.486754e-01
 0 0 1
Frame: 118
 1.001520e+00 -1.136820e-02 -4.294332e+00
 3.859040e-03 1.002346e+00 -4.938491e-01
 0 0 1
Frame: 119
 1.001925e+00 -8.595016e-03 -5.190041e+00
 1.911664e-03 1.002293e+00 7.078780e-01
 0 0 1
Frame: 120
 1.001105e+00 -5.783466e-03 -6.396113e+00
 -6.658255e-04 1.002766e+00 1.498019e+00
 0 0 1
Frame: 121
 1.001302e+00 -3.911882e-03 -5.265320e+00
 -2.010465e-03 1.001828e+00 2.594336e+00
 0 0 1
Frame: 122
 1.000293e+00 -3.622988e-04 -7.067181e+00
 -5.354715e-03 1.001360e+00 3.933875e+00
 0 0 1
Frame: 123
 9.998971e-01 3.590055e-03 -8.046765e+00
 -6.927982e-03 1.001864e+00 4.720641e+00
 0 0 1
Frame: 124
 9.999848e-01 5.895541e-04 -7.053733e+00
 -6.229007e-03 1.001433e+00 4.463655e+00
 0 0 1
Frame: 125
 1.000402e+00 -6.951917e-04 -7.351448e+00
 -5.204257e-03 1.003356e+00 3.817499e+00
 0 0 1
Frame: 126
 1.000622e+00 -1.400040e-03 -6.452764e+00
 -2.954955e-03 1.002812e+00 2.679533e+00
 0 0 1
Frame: 127
 1.001211e+00 -4.862015e-03 -5.822041e+00
 -7.629449e-04 1.003031e+00 1.892367e+00
 0 0 1
Frame: 128
 1.000828e+00 -8.211951e-03 -5.353278e+00
 1.030221e-03 1.002290e+00 7.400078e-01
 0 0 1
Frame: 129
 1.000873e+00 -8.606705e-03 -4.930703e+00
 2.597105e-03 1.002530e+00 -1.939813e-01
 0 0 1
Frame: 130
 1.001645e+00 -7.853153e-03 -4.840778e+00
 1.713529e-03 1.003064e+00 3.856378e-01
 0 0 1
Frame: 131
 1.000812e+00 -7.639210e-03 -5.121569e+00
 6.225161e-05 1.002430e+00 1.303847e+00
 0 0 1
Frame: 132
 1.001171e+00 -6.613437e-03 -6.174349e+00
 6.032793e-04 1.002672e+00 1.168964e+00
 0 0 1
Frame: 133
 1.000418e+00 -8.918498e-03 -3.991056e+00
 2.697197e-03 1.002231e+00 1.244209e-01
 0 0 1
Frame: 134
 1.001453e+00 -1.194938e-02 -2.976816e+00
 4.660046e-03 1.003571e+00 -1.416571e+00
 0 0 1
Frame: 135
 1.001784e+00 -1.304484e-02 -3.618853e+00
 5.443428e-03 1.003463e+00 -1.439303e+00
 0 0 1
Frame: 136
 1.001691e+00 -8.960496e-03 -4.939473e+00
 2.893399e-03 1.001603e+00 -9.660682e-02
 0 0 1
Frame: 137
 1.000877e+00 -5.135171e-03 -5.561149e+00
 -2.159822e-03 1.001942e+00 2.264827e+00
 0 0 1
Frame: 138
 1.000674e+00 -1.726495e-03 -6.600689e+00
 -3.855168e-03 1.001513e+00 3.465767e+00
 0 0 1
Frame: 139
 1.001044e+00 -5.314090e-04 -7.919708e+00
 -4.608126e-03 1.002254e+00 3.709244e+00
 0 0 1
Frame: 140
 1.000677e+00 -7.702540e-04 -6.694527e+00
 -3.081007e-03 1.002759e+00 2.866811e+00
 0 0 1
Frame: 141
 1.001115e+00 -4.488688e-03 -5.708001e+00
 -2.393289e-03 1.002231e+00 2.972174e+00
 0 0 1
Frame: 142
 1.000884e+00 -9.151009e-04 -7.417002e+00
 -3.871785e-03 1.001947e+00 3.383677e+00
 0 0 1
Frame: 143
 1.000789e+00 -9.957202e-04 -7.330643e+00
 -3.883217e-03 1.002718e+00 3.083027e+00
 0 0 1
Frame: 144
 1.001217e+00 -5.389235e-03 -5.501987e+00
 -3.588743e-04 1.002943e+00 1.752976e+00
 0 0 1
Frame: 145
 1.001052e+00 -4.914433e-03 -5.498759e+00
 -1.862832e-04 1.002200e+00 1.255379e+00
 0 0 1
Frame: 146
 1.001266e+00 -7.278333e-03 -4.804082e+00
 1.543566e-03 1.003662e+00 3.364328e-01
 0 0 1
Frame: 147
 1.000976e+00 -6.256814e-03 -5.280474e+00
 2.279198e-04 1.002914e+00 1.282652e+00
 0 0 1
Frame: 148
 1.000934e+00 -3.292063e-03 -6.691619e+00
 -1.113428e-03 1.001980e+00 2.223783e+00
 0 0 1
Frame: 149
 1.000553e+00 -2.376125e-03 -6.410974e+00
 -2.268721e-03 1.002394e+00 2.687594e+00
 0 0 1
Frame: 150
 1.000508e+00 -7.492107e-03 -4.646725e+00
 -1.027914e-04 1.002893e+00 1.117933e+00
 0 0 1
Frame: 151
 1.000718e+00 -7.523946e-03 -5.679945e+00
 1.780743e-03 1.002076e+00 2.908534e-01
 0 0 1
Frame: 152
 1.000951e+00 -1.044750e-02 -4.328219e+00
 3.406623e-03 1.002542e+00 -5.409287e-01
 0 0 1
Frame: 153
 1.001083e+00 -8.401096e-03 -4.991574e+00
 2.815019e-03 1.003369e+00 -6.027103e-01
 0 0 1
Frame: 154
 1.001104e+00 -7.859094e-03 -5.666611e+00
 1.586487e-03 1.002551e+00 3.747538e-01
 0 0 1
Frame: 155
 1.000578e+00 -5.615478e-03 -5.798936e+00
 3.799574e-04 1.002099e+00 9.669176e-01
 0 0 1
Frame: 156
 1.000609e+00 -8.730419e-03 -4.900610e+00
 7.739500e-04 1.002242e+00 7.862540e-01
 0 0 1
Frame: 157
 1.000749e+00 -5.369858e-03 -6.053909e+00
 6.771275e-04 1.002314e+00 8.274748e-01
 0 0 1
Frame: 158
 1.000762e+00 -6.493908e-03 -5.015108e+00
 3.098099e-04 1.002733e+00 9.057122e-01
 0 0 1
Frame: 159
 1.000916e+00 -4.656432e-03 -6.191498e+00
 -1.038679e-03 1.002111e+00 1.513593e+00
 0 0 1
Frame: 160
 1.000943e+00 -3.972025e-03 -5.766597e+00
 -1.486113e-03 1.002624e+00 1.927479e+00
 0 0 1
Frame: 161
 1.001083e+00 -3.582927e-03 -5.792494e+00
 -1.035718e-03 1.002918e+00 1.836742e+00
 0 0 1
Frame: 162
 1.001170e+00 -5.008213e-03 -6.338506e+00
 -5.120624e-04 1.002328e+00 1.552409e+00
 0 0 1
Frame: 163
 1.001452e+00 -2.726288e-03 -6.579972e+00
 -1.123148e-03 1.003099e+00 1.645612e+00
 0 0 1
Frame: 164
 1.000929e+00 -5.926968e-03 -5.491669e+00
 -9.316191e-04 1.002615e+00 1.526399e+00
 0 0 1
Frame: 165
 1.001547e+00 -1.481905e-03 -7.366862e+00
 -1.924193e-03 1.002269e+00 2.299088e+00
 0 0 1
Frame: 166
 1.001249e+00 -3.496028e-03 -5.896654e+00
 -1.363942e-03 1.003705e+00 1.675146e+00
 0 0 1
Frame: 167
 1.001086e+00 -4.072891e-03 -6.445125e+00
 -9.400881e-04 1.002763e+00 1.696390e+00
 0 0 1
Frame: 168
 1.001116e+00 -5.743922e-03 -6.164799e+00
 8.118975e-05 1.002664e+00 9.392486e-01
 0 0 1
Frame: 169
 1.001470e+00 -7.320996e-03 -5.146627e+00
 1.069239e-03 1.003338e+00 5.779070e-01
 0 0 1
Frame: 170
 1.001381e+00 -4.891053e-03 -6.413795e+00
 7.289675e-04 1.002780e+00 8.157922e-01
 0 0 1
Frame: 171
 1.001268e+00 -8.206069e-03 -4.529259e+00
 4.697057e-04 1.002891e+00 8.436097e-01
 0 0 1
Frame: 172
 1.001439e+00 -2.704773e-03 -7.185300e+00
 -4.509408e-04 1.003106e+00 1.559546e+00
 0 0 1
Frame: 173
 1.001955e+00 -4.191994e-03 -6.314179e+00
 -1.389769e-03 1.003642e+00 1.723420e+00
 0 0 1
Frame: 174
 1.001196e+00 -1.642958e-03 -6.100701e+00
 -1.320843e-03 1.002846e+00 2.243512e+00
 0 0 1
Frame: 175
 1.001350e+00 -5.178336e-03 -6.229211e+00
 -8.736687e-04 1.003298e+00 1.591409e+00
 0 0 1
Frame: 176
 1.001361e+00 -4.398605e-03 -5.868643e+00
 -6.876845e-04 1.002970e+00 1.704798e+00
 0 0 1
Frame: 177
 1.001478e+00 -3.972997e-03 -6.469529e+00
 -1.119947e-03 1.002501e+00 1.852372e+00
 0 0 1
Frame: 178
 1.001214e+00 -5.543093e-03 -5.722679e+00
 -3.758457e-04 1.003092e+00 1.148044e+00
 0 0 1
Frame: 179
 1.002011e+00 -3.035689e-03 -6.087650e+00
 -1.276495e-04 1.003860e+00 1.159129e+00
 0 0 1
Frame: 180
 1.001701e+00 -6.312295e-03 -5.551021e+00
 -1.505288e-04 1.003525e+00 1.510332e+00
 0 0 1
Frame: 181
 1.001178e+00 -6.002957e-03 -6.192258e+00
 -7.040989e-05 1.002352e+00 1.475963e+00
 0 0 1
Frame: 182
 1.001146e+00 -4.023916e-03 -6.472270e+00
 -4.243853e-04 1.002985e+00 1.258138e+00
 0 0 1
Frame: 183
 1.001020e+00 -4.719618e-03 -6.282045e+00
 -2.603318e-04 1.002972e+00 1.167871e+00
 0 0 1
Frame: 184
 1.001334e+00 -6.254463e-03 -5.686691e+00
 1.773254e-03 1.002922e+00 3.646466e-01
 0 0 1
Frame: 185
 1.001105e+00 -7.023709e-03 -5.384271e+00
 6.718004e-04 1.003112e+00 7.041727e-01
 0 0 1
Frame: 186
 1.001328e+00 -5.718305e-03 -5.331227e+00
 1.661707e-04 1.003021e+00 1.162106e+00
 0 0 1
Frame: 187
 1.000805e+00 -6.893349e-03 -5.886492e+00
 5.603231e-04 1.002532e+00 1.014217e+00
 0 0 1
Frame: 188
 1.000996e+00 -6.220432e-03 -5.810742e+00
 9.273996e-04 1.003250e+00 7.348616e-01
 0 0 1
Frame: 189
 1.001070e+00 -6.770138e-03 -5.543221e+00
 4.363291e-04 1.002086e+00 1.062880e+00
 0 0 1
Frame: 190
 1.001408e+00 -2.608662e-03 -6.394309e+00
 -1.571420e-03 1.002403e+00 2.023773e+00
 0 0 1
Frame: 191
 1.000685e+00 -1.210962e-03 -6.479307e+00
 -3.297028e-03 1.002578e+00 2.657690e+00
 0 0 1
Frame: 192
 1.000286e+00 -4.744859e-03 -6.829892e+00
 -1.937181e-03 1.003195e+00 2.325173e+00
 0 0 1
Frame: 193
 1.000585e+00 -4.398055e-03 -6.179298e+00
 3.228186e-04 1.003104e+00 9.957641e-01
 0 0 1
Frame: 194
 1.001268e+00 -6.411793e-03 -5.507925e+00
 1.016249e-03 1.002614e+00 9.844736e-01
 0 0 1
Frame: 195
 1.001213e+00 -5.486766e-03 -6.500646e+00
 9.531427e-04 1.003370e+00 6.967836e-01
 0 0 1
Frame: 196
 1.001241e+00 -8.036451e-03 -4.680513e+00
 1.230987e-03 1.003308e+00 9.247053e-01
 0 0 1
Frame: 197
 1.001131e+00 -6.821245e-03 -5.506937e+00
 1.355398e-03 1.003072e+00 4.708096e-01
 0 0 1
Frame: 198
 1.001570e+00 -6.134117e-03 -6.054825e+00
 8.245187e-04 1.003153e+00 1.027433e+00
 0 0 1
Frame: 199
 1.001261e+00 -5.231375e-03 -6.407969e+00
 2.233868e-05 1.002842e+00 1.228793e+00
 0 0 1
Frame: 200
 1.001200e+00 -4.112584e-03 -6.632672e+00
 -5.399128e-04 1.002903e+00 1.385299e+00
 0 0 1
Frame: 201
 1.001160e+00 -6.084589e-03 -5.180645e+00
 -1.216125e-04 1.003000e+00 1.439525e+00
 0 0 1
Frame: 202
 1.001353e+00 -5.853357e-03 -5.346727e+00
 2.731906e-05 1.003336e+00 9.960010e-01
 0 0 1
Frame: 203
 1.000820e+00 -5.519849e-03 -6.015757e+00
 -4.148678e-04 1.002216e+00 1.548348e+00
 0 0 1
Frame: 204
 1.001533e+00 -7.200055e-03 -5.959796e+00
 1.224521e-03 1.003574e+00 6.308981e-01
 0 0 1
Frame: 205
 1.001458e+00 -6.827176e-03 -5.948672e+00
 1.819159e-03 1.003060e+00 5.233797e-01
 0 0 1
Frame: 206
 1.001291e+00 -7.508725e-03 -5.405031e+00
 1.602387e-03 1.003519e+00 4.485406e-01
 0 0 1
Frame: 207
 1.000993e+00 -7.679692e-03 -6.801475e+00
 1.530961e-03 1.002802e+00 2.789360e-01
 0 0 1
Frame: 208
 1.001277e+00 -8.647201e-03 -5.466445e+00
 2.020217e-03 1.002987e+00 1.563140e-01
 0 0 1
Frame: 209
 1.001724e+00 -6.872473e-03 -7.369301e+00
 1.639462e-03 1.003355e+00 4.372199e-01
 0 0 1
Frame: 210
 1.001158e+00 -7.035537e-03 -6.038250e+00
 7.385126e-04 1.003272e+00 7.071094e-01
 0 0 1
Frame: 211
 1.001392e+00 -4.841260e-03 -6.961326e+00
 1.074739e-03 1.003026e+00 1.028949e+00
 0 0 1
Frame: 212
 1.001689e+00 -7.646567e-03 -5.949832e+00
 3.677045e-04 1.003068e+00 1.273880e+00
 0 0 1
Frame: 213
 1.001280e+00 -5.498071e-03 -6.757418e+00
 9.523781e-05 1.002907e+00 1.072567e+00
 0 0 1
Frame: 214
 1.001450e+00 -5.410439e-03 -7.103023e+00
 9.320969e-05 1.003246e+00 1.366246e+00
 0 0 1
Frame: 215
 1.001123e+00 -4.371453e-03 -6.539849e+00
 -3.423054e-04 1.002901e+00 1.592238e+00
 0 0 1
Frame: 216
 1.001219e+00 -5.128657e-03 -5.601722e+00
 -2.186288e-04 1.003224e+00 1.545999e+00
 0 0 1
Frame: 217
 1.001283e+00 -5.190587e-03 -5.410462e+00
 -6.197680e-04 1.002949e+00 1.937344e+00
 0 0 1
Frame: 218
 1.001368e+00 -5.142822e-03 -5.929070e+00
 -1.990771e-04 1.002854e+00 1.526838e+00
 0 0 1
Frame: 219
 1.001386e+00 -4.540496e-03 -6.735810e+00
 0 1.002944e+00 1.423803e+00
 0 0 1
Frame: 220
 1.001005e+00 -6.304515e-03 -5.537658e+00
 -4.585315e-04 1.003190e+00 1.370595e+00
 0 0 1
Frame: 221
 1.001278e+00 -5.299488e-03 -5.416334e+00
 -1.339167e-04 1.002573e+00 1.345266e+00
 0 0 1
Frame: 222
 1.001159e+00 -6.077033e-03 -6.166443e+00
 1.497514e-04 1.003295e+00 1.090043e+00
 0 0 1
Frame: 223
 1.002952e+00 8.828849e-05 -7.562519e+00
 -1.629370e-04 1.006615e+00 1.183345e+00
 0 0 1
Frame: 224
 1.000338e+00 -5.536895e-03 -5.553119e+00
 -1.219142e-04 1.002727e+00 1.662772e+00
 0 0 1
Frame: 225
 1.001037e+00 -5.379370e-03 -5.563267e+00
 3.055961e-04 1.003345e+00 1.245648e+00
 0 0 1
Frame: 226
 1.001070e+00 -5.491330e-03 -5.064942e+00
 -6.007209e-04 1.002537e+00 1.787841e+00
 0 0 1
Frame: 227
 1.001125e+00 -4.447079e-03 -6.436545e+00
 -9.986752e-04 1.002930e+00 1.945213e+00
 0 0 1
Frame: 228
 1.001188e+00 -3.116458e-03 -6.248550e+00
 -8.749516e-04 1.003465e+00 2.023000e+00
 0 0 1
Frame: 229
 1.001431e+00 -5.912426e-03 -5.386262e+00
 2.832516e-04 1.002949e+00 1.231229e+00
 0 0 1
Frame: 230
 1.001321e+00 -6.287953e-03 -5.856142e+00
 3.599117e-04 1.003550e+00 1.015741e+00
 0 0 1
Frame: 231
 1.001635e+00 -6.342230e-03 -6.017558e+00
 2.700395e-04 1.003378e+00 1.205023e+00
 0 0 1
Frame: 232
 1.001399e+00 -6.164830e-03 -5.408586e+00
 0 1.002949e+00 1.380024e+00
 0 0 1
Frame: 233
 1.001449e+00 -2.830243e-03 -7.621686e+00
 -1.313459e-03 1.002612e+00 1.759411e+00
 0 0 1
Frame: 234
 1.000960e+00 -3.748148e-03 -6.454227e+00
 -1.623857e-03 1.003244e+00 2.129955e+00
 0 0 1
Frame: 235
 1.001027e+00 -5.697891e-03 -6.379772e+00
 -3.674681e-04 1.002942e+00 1.540828e+00
 0 0 1
Frame: 236
 1.000889e+00 -3.070065e-03 -7.126468e+00
 -3.475311e-04 1.002771e+00 1.516586e+00
 0 0 1
Frame: 237
 1.001311e+00 -8.482218e-03 -5.588292e+00
 1.726658e-03 1.003711e+00 4.417138e-01
 0 0 1
Frame: 238
 1.000925e+00 -1.181050e-02 -4.760186e+00
 3.189581e-03 1.002647e+00 -1.090497e-01
 0 0 1
Frame: 239
 1.001337e+00 -8.401211e-03 -5.543971e+00
 2.389857e-03 1.003454e+00 1.450778e-01
 0 0 1
Frame: 240
 1.000864e+00 -6.388896e-03 -5.672144e+00
 1.241605e-03 1.002786e+00 7.753553e-01
 0 0 1
Frame: 241
 1.001243e+00 -7.838944e-03 -5.147549e+00
 1.458321e-03 1.003144e+00 8.868900e-01
 0 0 1
Frame: 242
 1.000877e+00 -7.287570e-03 -5.415673e+00
 1.492880e-03 1.002181e+00 5.371471e-01
 0 0 1
Frame: 243
 1.001377e+00 -8.126969e-03 -5.737930e+00
 1.453198e-03 1.003422e+00 5.611078e-01
 0 0 1
Frame: 244
 1.001088e+00 -7.473041e-03 -5.149306e+00
 2.192603e-03 1.003283e+00 1.824869e-01
 0 0 1
Frame: 245
 1.001430e+00 -8.554261e-03 -4.832899e+00
 2.128673e-03 1.002783e+00 5.087668e-01
 0 0 1
Frame: 246
 1.001177e+00 -7.409785e-03 -5.064996e+00
 1.529388e-03 1.002700e+00 6.274975e-01
 0 0 1
Frame: 247
 1.001389e+00 -7.325807e-03 -5.521901e+00
 4.557727e-04 1.002903e+00 1.150082e+00
 0 0 1
Frame: 248
 1.000892e+00 -4.759997e-03 -6.413989e+00
 -4.523596e-04 1.002619e+00 1.628461e+00
 0 0 1
Frame: 249
 1.001044e+00 -6.094826e-03 -4.754249e+00
 0 1.003044e+00 1.497067e+00
 0 0 1
Frame: 250
 1.001426e+00 -5.718634e-03 -6.920626e+00
 -5.784193e-04 1.002442e+00 1.815940e+00
 0 0 1
Frame: 251
 1.001137e+00 -2.730283e-03 -7.541318e+00
 -1.884180e-03 1.002618e+00 2.395095e+00
 0 0 1
Frame: 252
 1.001072e+00 -2.854152e-03 -6.996528e+00
 -2.903291e-03 1.002970e+00 2.714856e+00
 0 0 1
Frame: 253
 1.001044e+00 -7.081036e-04 -6.924468e+00
 -2.595786e-03 1.002995e+00 2.787527e+00
 0 0 1
Frame: 254
 1.001158e+00 -2.863998e-03 -6.312868e+00
 -2.360351e-03 1.002334e+00 2.713144e+00
 0 0 1
Frame: 255
 1.001989e+00 -3.229810e-03 -6.559832e+00
 -1.908397e-03 1.004202e+00 2.270438e+00
 0 0 1
Frame: 256
 1.001035e+00 -2.916137e-03 -6.026586e+00
 -1.307663e-03 1.003152e+00 2.121227e+00
 0 0 1
Frame: 257
 1.001217e+00 -5.037151e-03 -5.844163e+00
 -5.485634e-04 1.002905e+00 1.941492e+00
 0 0 1
Frame: 258
 1.001427e+00 -2.150768e-03 -6.837032e+00
 -1.966209e-03 1.002555e+00 2.636867e+00
 0 0 1
Frame: 259
 1.000991e+00 -5.368486e-03 -5.738768e+00
 -1.229652e-03 1.002918e+00 2.224303e+00
 0 0 1
Frame: 260
 1.001383e+00 -4.639157e-03 -6.536203e+00
 -5.686033e-04 1.003100e+00 1.817087e+00
 0 0 1
Frame: 261
 1.000823e+00 -5.853603e-03 -6.040332e+00
 -1.220390e-04 1.002587e+00 1.445314e+00
 0 0 1
Frame: 262
 1.001604e+00 -4.239254e-03 -6.184339e+00
 -2.941349e-04 1.003162e+00 1.753359e+00
 0 0 1
Frame: 263
 1.000971e+00 -5.972843e-03 -5.592010e+00
 -6.346610e-05 1.002614e+00 1.246016e+00
 0 0 1
Frame: 264
 1.001245e+00 -6.409418e-03 -5.942286e+00
 1.025761e-03 1.003027e+00 8.590662e-01
 0 0 1
Frame: 265
 1.000886e+00 -8.023116e-03 -5.369039e+00
 1.482390e-03 1.002646e+00 5.593447e-01
 0 0 1
Frame: 266
 1.001095e+00 -8.578986e-03 -5.525808e+00
 1.011218e-03 1.002259e+00 1.009839e+00
 0 0 1
Frame: 267
 1.001237e+00 -6.376243e-03 -5.649349e+00
 1.104361e-03 1.002776e+00 7.677874e-01
 0 0 1
Frame: 268
 1.001230e+00 -7.562753e-03 -5.857802e+00
 9.377009e-04 1.002844e+00 6.731503e-01
 0 0 1
Frame: 269
 1.001283e+00 -6.832289e-03 -5.763647e+00
 1.110850e-03 1.002935e+00 5.325050e-01
 0 0 1
Frame: 270
 1.001357e+00 -6.813735e-03 -6.020187e+00
 1.356560e-03 1.002019e+00 8.446432e-01
 0 0 1
Frame: 271
 1.001375e+00 -6.449763e-03 -5.943706e+00
 -3.554848e-04 1.002997e+00 1.357725e+00
 0 0 1
Frame: 272
 1.001212e+00 -1.183002e-03 -7.723809e+00
 -2.599964e-03 1.002329e+00 2.678332e+00
 0 0 1
Frame: 273
 1.000933e+00 -2.827603e-03 -7.393103e+00
 -3.311712e-03 1.002435e+00 2.773605e+00
 0 0 1
Frame: 274
 1.001673e+00 7.203052e-04 -8.357449e+00
 -3.902643e-03 1.002495e+00 3.362887e+00
 0 0 1
Frame: 275
 1.000864e+00 -6.069528e-04 -7.080165e+00
 -4.636583e-03 1.002606e+00 3.545758e+00
 0 0 1
Frame: 276
 1.000657e+00 -1.489174e-03 -6.546190e+00
 -2.836391e-03 1.002447e+00 2.659106e+00
 0 0 1
Frame: 277
 1.000967e+00 -2.973293e-03 -6.715149e+00
 -1.554919e-03 1.002672e+00 2.057797e+00
 0 0 1
Frame: 278
 1.001339e+00 -6.028258e-03 -5.087144e+00
 -8.693320e-04 1.003360e+00 1.488678e+00
 0 0 1
Frame: 279
 1.001139e+00 -4.858519e-03 -6.154044e+00
 5.816121e-04 1.003002e+00 9.648273e-01
 0 0 1
Frame: 280
 1.001253e+00 -8.489290e-03 -5.253469e+00
 1.391870e-03 1.003235e+00 5.725797e-01
 0 0 1
Frame: 281
 1.001367e+00 -7.385363e-03 -5.346915e+00
 1.597766e-03 1.002630e+00 5.737446e-01
 0 0 1
Frame: 282
 1.001169e+00 -7.646319e-03 -5.341258e+00
 1.440156e-03 1.002637e+00 5.084743e-01
 0 0 1
Frame: 283
 1.001065e+00 -6.745109e-03 -6.137011e+00
 5.237876e-04 1.002526e+00 7.474814e-01
 0 0 1
Frame: 284
 1.001213e+00 -3.660495e-03 -6.380768e+00
 -9.810667e-04 1.002710e+00 1.429058e+00
 0 0 1
Frame: 285
 1.000666e+00 -5.205396e-03 -5.450548e+00
 -6.267548e-04 1.002260e+00 1.569136e+00
 0 0 1
Frame: 286
 1.001000e+00 -3.695532e-03 -6.312563e+00
 -8.457463e-04 1.002178e+00 1.716779e+00
 0 0 1
Frame: 287
 1.000744e+00 -6.982846e-03 -5.617845e+00
 -6.856254e-05 1.002614e+00 1.000455e+00
 0 0 1
Frame: 288
 1.001152e+00 -6.588481e-03 -5.546360e+00
 2.391432e-04 1.002391e+00 9.655177e-01
 0 0 1
Frame: 289
 1.001296e+00 -5.159976e-03 -5.973757e+00
 2.275764e-04 1.003091e+00 1.004012e+00
 0 0 1
Frame: 290
 1.001437e+00 -6.617859e-03 -5.742024e+00
 6.298448e-04 1.002736e+00 8.318639e-01
 0 0 1
Frame: 291
 1.001227e+00 -5.237074e-03 -5.877149e+00
 8.780831e-05 1.002514e+00 1.383787e+00
 0 0 1
Frame: 292
 1.001422e+00 -6.649262e-03 -5.443515e+00
 -2.357720e-04 1.002517e+00 1.601596e+00
 0 0 1
Frame: 293
 1.000797e+00 -3.981650e-03 -6.220278e+00
 -6.711486e-04 1.002336e+00 1.402084e+00
 0 0 1
Frame: 294
 1.001098e+00 -4.193868e-03 -5.935040e+00
 -2.102700e-03 1.001771e+00 2.578325e+00
 0 0 1
Frame: 295
 1.000533e+00 9.704693e-04 -7.709344e+00
 -4.772108e-03 1.002775e+00 3.518072e+00
 0 0 1
Frame: 296
 1.000747e+00 -1.146819e-04 -7.064051e+00
 -3.541645e-03 1.002023e+00 3.208049e+00
 0 0 1
Frame: 297
 1.000754e+00 -3.386931e-03 -6.693177e+00
 -2.572434e-03 1.002587e+00 2.705821e+00
 0 0 1
Frame: 298
 1.000523e+00 -4.336710e-03 -6.714136e+00
 -4.090784e-04 1.002916e+00 1.194286e+00
 0 0 1
Frame: 299
 1.001169e+00 -5.998720e-03 -5.329753e+00
 9.491946e-04 1.002633e+00 7.894819e-01
 0 0 1
Frame: 300
 1.001454e+00 -8.482382e-03 -4.882659e+00
 1.715728e-03 1.002688e+00 4.506764e-01
 0 0 1
